# R script for Peak Model
#  -- generated by MACS
p <- c(0.045456229911,0.0529831847289,0.0604954144967,0.0679855566891,0.0759837131128,0.0761285094396,0.0759493546624,0.0760352507885,0.0764573688937,0.0763739269426,0.0764524605436,0.0764549147186,0.0765727151201,0.0767935908728,0.0762634890663,0.0761849554653,0.0761407803148,0.0762978475167,0.0762512181911,0.0761456886648,0.0761407803148,0.076160413715,0.0760916968142,0.075998438163,0.0764230104433,0.0764720939439,0.0763665644176,0.0762364931409,0.075995983988,0.0762978475167,0.0763542935424,0.0762929391666,0.076324843442,0.0762045888656,0.0760720634139,0.075676941234,0.0758536418362,0.0758732752365,0.0757751082353,0.0756008618081,0.0756474911337,0.075834008436,0.0757849249354,0.075919904562,0.0755763200578,0.0757726540602,0.0757260247346,0.0755247823822,0.0754806072316,0.0753161775046,0.075272002354,0.0752008312782,0.0750781225267,0.0752302813785,0.0751934687531,0.0750486724263,0.0752523689538,0.0752523689538,0.0753112691545,0.0755321449073,0.0757309330847,0.0757996499856,0.0758830919366,0.0757186622096,0.0757677457102,0.0759861672879,0.0759297212622,0.0759027253368,0.0759051795119,0.0758241917359,0.075676941234,0.0755615950076,0.0753971652806,0.0754806072316,0.0758560960113,0.0757137538595,0.0756401286086,0.0757652915351,0.075593499283,0.0757800165853,0.0754977864568,0.0755493241325,0.0757775624103,0.0755861367579,0.0750437640762,0.0749848638755,0.0745112080947,0.074462124594,0.0746830003468,0.074462124594,0.074616737621,0.0745283873199,0.0745774708205,0.0744449453688,0.0747320838474,0.0745161164447,0.0748449758988,0.075021676501,0.0750044972757,0.0750854850517,0.0751370227274,0.0751738353528,0.0753014524544,0.0752842732292,0.075188560403,0.0753333567298,0.0752744565291,0.0751542019526,0.075105118452,0.0748768801742,0.0745038455696,0.0740645482391,0.0737381429601,0.0740056480384,0.0737602305354,0.07372832626,0.0738952101621,0.0738829392869,0.0739860146382,0.0740326439637,0.0740596398891,0.074214252916,0.0740277356137,0.0738338557863,0.074211798741,0.0742510655414,0.074052277364,0.0739369311376,0.0735712590581,0.0736988761596,0.0739590187128,0.07413326514,0.0745062997446,0.0744891205194,0.0743860451681,0.074619191796,0.0746339168462,0.0748547925989,0.0750609433014,0.0751149351521,0.0748768801742,0.0747443547225,0.074457216244,0.0745013913945,0.0744302203187,0.0741970736908,0.0742559738915,0.0739074810372,0.0738044056859,0.0735467173078,0.0735344464326,0.0735295380825,0.0737356887851,0.0737774097606,0.0738853934619,0.073811768211,0.0737037845097,0.0737136012098,0.0736767885844,0.0738338557863,0.0740670024142,0.0742093445659,0.0740792732893,0.0739541103628,0.0741455360151,0.0742019820408,0.0741455360151,0.0740031938634,0.0741676235904,0.0743369616675,0.0741479901902,0.0741749861155,0.0741283567899,0.0737037845097,0.0734240085562,0.0735221755574,0.0736669718842,0.0740596398891,0.0740841816394,0.0738608517116,0.0739884688132,0.0740154647385,0.0740105563885,0.0744842121693,0.0744424911938,0.0744768496442,0.0744817579943,0.0741995278658,0.0740694565892,0.0740301897887,0.073887847637,0.0736988761596,0.0737553221853,0.0736522468341,0.0738314016113,0.0740056480384,0.0738853934619,0.0739835604631,0.0741676235904,0.0742706989417,0.0741504443652,0.0741430818401,0.0742608822416,0.0743345074925,0.0742019820408,0.073973743763,0.0741062692147,0.0743075115671,0.0743124199172,0.0742878781669,0.0747198129722,0.0747639881228,0.0747983465732,0.0749897722256,0.074940688725,0.0750683058265,0.0751198435022,0.0749897722256,0.0749578679502,0.07494805125,0.07454311237,0.0744032243933,0.0741553527153,0.0739958313383,0.0742854239919,0.0744204036185,0.0743516867177,0.0743124199172,0.0741209942648,0.0743516867177,0.0744228577936,0.0746290084961,0.0749063302745,0.0747615339477,0.0744670329441,0.0742019820408,0.0742633364166,0.0744891205194,0.0746584585965,0.0743909535182,0.0747247213223,0.0749431429,0.0750118598008,0.0753996194556,0.075510057332,0.0755763200578,0.0754192528559,0.0750707600016,0.0750658516515,0.075267094004,0.0753088149795,0.0751468394275,0.0747492630726,0.0745872875206,0.0745848333456,0.0745087539196,0.0749210553247,0.0751934687531,0.0754560654813,0.0751173893271,0.0748891510493,0.0749161469747,0.0751591103027,0.0750805767017,0.0751345685523,0.07534808178,0.07535299013,0.0756008618081,0.0751640186527,0.0756057701582,0.0756450369586,0.07575302066,0.0758413709611,0.0757775624103,0.075919904562,0.0757162080345,0.0754879697567,0.0754167986808,0.0755444157824,0.0754511571313,0.0754977864568,0.0755272365572,0.0755542324825,0.0759100878619,0.075912542037,0.075912542037,0.0760156173882,0.075998438163,0.0760180715633,0.076079425939,0.0760696092389,0.0761211469145,0.0762463098411,0.0761702304151,0.0759714422377,0.0760156173882,0.0761800471153,0.0764205562682,0.0769899248752,0.0779544156622,0.0789483565494,0.0798220428602,0.0809877759996,0.0822614928403,0.0838027147593,0.0855157289305,0.0871453011506,0.0887306982202,0.0901712989629,0.0910842520742,0.0919873884854,0.0929715126725,0.0934746185537,0.0942525920383,0.0947213394691,0.0949176734715,0.0952980706012,0.0951729076747,0.0951925410749,0.0953226123515,0.0952956164262,0.0953103414764,0.0953569708019,0.0954477752781,0.0957030094812,0.0959091601838,0.095769272207,0.0958993434836,0.0958355349329,0.0957300054065,0.0958159015326,0.0959386102841,0.0962085695375,0.0962920114885,0.0959508811593,0.0959091601838,0.0962723780882,0.096090769136,0.0964711662657,0.0965349748165,0.0965227039413,0.0963779076145,0.0965202497663,0.0962085695375,0.0965300664664,0.0966405043428,0.0962208404126,0.0967558505692,0.0966061458924,0.0967975715447,0.0974062069522,0.0976368994051,0.0975706366793,0.097548549104,0.0974037527772,0.0975829075544,0.0971755144994,0.0968662884456,0.0971976020747,0.0972589564504,0.0967313088189,0.0967092212436,0.0966355959927,0.0967583047442,0.0969693637968,0.0966944961935,0.097222143825,0.0973374900514,0.0971485185741,0.0969472762216,0.0971877853745,0.0974356570526,0.0973154024761,0.0973203108262,0.0972834982007,0.0974626529779,0.0975411865789,0.0977669706817,0.0976197201799,0.0978921336082,0.0978651376829,0.0976025409547,0.0978847710831,0.0979044044834,0.0978381417576,0.0979412171088,0.0981252802361,0.0978405959326,0.0978651376829,0.0978823169081,0.0981350969362,0.0984320521149,0.098598936017,0.0988836203205,0.0990333249973,0.0990676834477,0.0990431416974,0.0995143433033,0.099740127406,0.0996493229299,0.099578151854,0.0995339767035,0.0991609420989,0.0990529583976,0.0991339461736,0.0991535795738,0.0994014512519,0.099335188526,0.0995069807782,0.099651777105,0.0999290988834,0.100002724134,0.100172062211,0.10048865079,0.100645717992,0.100748793343,0.100348762814,0.100552459341,0.100738976643,0.100810147719,0.100748793343,0.100704618193,0.100935310646,0.100964760746,0.100954944046,0.100851868695,0.101116919598,0.101058019397,0.100731614118,0.100977031621,0.100523009241,0.100687438968,0.101256807575,0.101097286198,0.101190544849,0.101180728149,0.101337795351,0.10130834525,0.101634750529,0.101413874777,0.102007785134,0.102012693484,0.1013034369,0.1012641701,0.101065381922,0.101320616126,0.101546400228,0.101377062151,0.101526766828,0.101823722007,0.10208386456,0.102199210786,0.102378365564,0.102778396094,0.103045901172,0.103296227025,0.103281501975,0.103794424556,0.103926950008,0.10369380338,0.103517102778,0.103418935776,0.10366926163,0.103610361429,0.103617723954,0.103637357354,0.103499923552,0.103183334974,0.103185789149,0.103249597699,0.103144068173,0.103632449004,0.103580911328,0.103625086479,0.103598090554,0.103536736178,0.103644719879,0.104069292159,0.103779699506,0.104231267711,0.104403059964,0.104292622087,0.104675473392,0.104822723894,0.104864444869,0.104700015142,0.104815361369,0.104805544669,0.10493807012,0.10448895609,0.10448404774,0.104410422489,0.104069292159,0.103909770783,0.103995666909,0.104167459161,0.10412328401,0.103980941858,0.104272988687,0.10414782576,0.104066837984,0.104140463235,0.104120829835,0.104466868514,0.104746644468,0.104815361369,0.10490371167,