# R script for Peak Model
#  -- generated by MACS
p <- c(0.0456504211328,0.0532449487355,0.0607054552629,0.0683487178021,0.0758518673989,0.0756609888977,0.0757097238341,0.0756711420094,0.0755168147105,0.0754071611034,0.075433559194,0.0755493046682,0.0757787649942,0.0758356224201,0.0758660817554,0.0759858884742,0.0759452760272,0.0762112875555,0.076231593779,0.076398104812,0.0764874521956,0.0764123191685,0.0763798292109,0.0761077258155,0.0761402157731,0.0761666138637,0.0761442770178,0.0759006023354,0.0759919803413,0.0757686118824,0.0754640185293,0.0754599572846,0.0752914156293,0.0753503036775,0.0755107228435,0.0752873543846,0.0752040988681,0.0753178137199,0.0752568950493,0.075427467327,0.075392946747,0.0752122213575,0.0751959763787,0.0752487725599,0.0752995381187,0.075531029067,0.07576658126,0.075496508487,0.0753563955446,0.0754843247529,0.0754355898164,0.075531029067,0.0757645506377,0.0755777333812,0.0752934462516,0.0751898845116,0.0749847916539,0.075025404101,0.0751309964633,0.074732994482,0.0748629543127,0.0746375552314,0.0742923494313,0.0744040336607,0.074267981963,0.0743471762348,0.0743715437031,0.0742761044525,0.0742720432077,0.0744304317513,0.0743898193043,0.0744771360655,0.0744446461078,0.0745116566455,0.0746680145667,0.0743390537454,0.0743634212137,0.0746395858538,0.0745502384702,0.074560391582,0.0745786671831,0.0746497389655,0.0747126882585,0.0746741064338,0.0743918499266,0.0745867896726,0.0743207781442,0.0740466441265,0.0740364910147,0.0739776029665,0.073934959897,0.073865918737,0.0739897867006,0.0739491742535,0.074233461383,0.0740060316794,0.0741766039571,0.0742537676066,0.0744101255278,0.0743004719207,0.0741887876912,0.0743735743254,0.0742821963195,0.0742700125854,0.0743796661925,0.0748000050197,0.0749319954727,0.0749949447657,0.0748284337326,0.0748406174668,0.0750355572127,0.0748548318232,0.0749380873397,0.0749949447657,0.0749705772974,0.0747126882585,0.0745542997149,0.0744385542407,0.0745177485125,0.0747695456844,0.0745928815396,0.0745502384702,0.0744040336607,0.074365451836,0.0741380221324,0.07403242977,0.074060858483,0.0741806652018,0.0739572967429,0.0738009388217,0.0738334287794,0.0739410517641,0.0739410517641,0.0739410517641,0.0739329292747,0.0739755723441,0.0738801330935,0.0736953464593,0.0735775703628,0.0736242746769,0.0734537023992,0.0733765387498,0.0732140889615,0.0730313329497,0.0730922516203,0.0733156200792,0.0733440487921,0.0736323971663,0.0738760718488,0.0739065311841,0.0738882555829,0.0737359589064,0.0738984086947,0.0740730422171,0.0739735417218,0.0738862249605,0.0739572967429,0.0738192144229,0.07406695035,0.0738557656252,0.0741116240418,0.0740750728394,0.0740040010571,0.0739918173229,0.0741542671112,0.0741969101807,0.0740994403077,0.0738232756676,0.0737522038852,0.0739593273653,0.0739512048759,0.0742253388936,0.0742557982289,0.074267981963,0.074198940803,0.0740933484406,0.0741847264465,0.0744832279325,0.0744832279325,0.0741562977336,0.0742842269419,0.0741217771536,0.074393880549,0.0741969101807,0.074129899643,0.0741319302653,0.074095379063,0.0741969101807,0.0739248067853,0.0741461446218,0.0742395532501,0.0743370231231,0.0742923494313,0.074227369516,0.0741583283559,0.074330931256,0.074428401129,0.0742436144948,0.0744141867725,0.0744020030384,0.0742882881866,0.0741745733348,0.0739816642112,0.074192848936,0.0741441139995,0.0739816642112,0.0738963780723,0.0738537350029,0.0738841943382,0.0738334287794,0.0738781024711,0.0738882555829,0.0741177159089,0.0742781350748,0.0743796661925,0.0743248393889,0.0742740738301,0.0747045657691,0.0746598920773,0.0748913830256,0.0744365236184,0.0745685140714,0.0744994729114,0.0744811973102,0.0747248719926,0.0748324949774,0.0751086596175,0.0749827610315,0.0749685466751,0.0748751380468,0.0753279668317,0.0751431801975,0.0750294653457,0.0749705772974,0.0749482404515,0.0750578940586,0.0749259036056,0.0747736069291,0.0748893524033,0.0749441792068,0.0747593925726,0.0752020682457,0.0755432128011,0.07566301952,0.0756345908071,0.0756244376953,0.075433559194,0.0754904166199,0.0755269678223,0.0753604567893,0.0753726405234,0.0749990060104,0.0749116892492,0.0747817294185,0.0748121887538,0.0748771686691,0.0751655170434,0.0753096912305,0.0753279668317,0.0755797640035,0.0759066942024,0.076329063652,0.0761645832414,0.0765077584191,0.0765402483768,0.0766052282921,0.0766519326062,0.0766133507815,0.0765727383345,0.0764590234826,0.0762884512049,0.0761219401719,0.076162552619,0.0759290310483,0.075892479846,0.0758335917977,0.0756833257435,0.0755574271576,0.0757016013447,0.0758518673989,0.0760732052354,0.0759858884742,0.0760691439907,0.0759919803413,0.0760285315437,0.0760224396766,0.0761544301296,0.0763351555191,0.076363584232,0.0764671459721,0.0763717067214,0.0764671459721,0.0765524321109,0.076759555591,0.0767717393251,0.0766397488721,0.0767534637239,0.0771656800617,0.07732812985,0.0776205394689,0.0782561242656,0.0793445378472,0.0805101150782,0.0819396732152,0.0833672007298,0.0850424641716,0.0864415629733,0.0874203229477,0.0890306064742,0.0902205511734,0.0912500767068,0.0919079983493,0.0923506740224,0.0924339295389,0.0927892884508,0.0929212789038,0.0930898205592,0.0933192808851,0.0929436157497,0.0931365248733,0.0928786358344,0.093037024378,0.0933253727522,0.0935121900087,0.0936624560629,0.0936847929088,0.09380663025,0.0937193134888,0.0941477748054,0.0940726417784,0.0944483069138,0.0941762035184,0.0939873556395,0.0940868561348,0.0939081613677,0.0941071623584,0.0944970418503,0.0950310955293,0.0949539318798,0.0950473405081,0.095104197934,0.0952605558553,0.0953742707071,0.0955143836495,0.0958839569178,0.0959469062108,0.0957783645554,0.0955225061389,0.095638251613,0.0956341903683,0.0957032315284,0.095971273679,0.0961134172438,0.0960931110203,0.0961580909356,0.0963753675274,0.0963144488568,0.0967611857746,0.0968099207111,0.0971815246018,0.0970353197924,0.0969784623665,0.0974069236831,0.0974515973749,0.0972099533148,0.0970393810371,0.0971327896653,0.096763216397,0.0968261656899,0.0964261330863,0.0968017982217,0.0969926767229,0.0962372852074,0.0963855206392,0.0965296948263,0.0966616852793,0.0965906134969,0.0965946747416,0.0965824910075,0.0972099533148,0.0971693408677,0.0973013313207,0.0979531610962,0.0979328548727,0.0980039266551,0.0980526615915,0.0981054577727,0.0984222348599,0.0985623478023,0.0987044913671,0.0987735325271,0.0988141449742,0.0985339190894,0.0984892453976,0.0988669411554,0.0988100837295,0.0987532263036,0.0989014617354,0.0991227995719,0.0987369813247,0.098864910533,0.0988628799107,0.0989400435601,0.0991410751731,0.0992771268708,0.0994578522603,0.0999472322475,0.099933017891,0.099794935571,0.0999370791357,0.100081253323,0.100188876308,0.100369601697,0.10025994809,0.0999005279334,0.099898497311,0.0997177719216,0.0997340169004,0.100026426519,0.100337111739,0.100426459123,0.100312744271,0.100463010325,0.100657950071,0.100995033382,0.101256983666,0.101567668886,0.101988007713,0.101892568462,0.101825557925,0.10209766132,0.102538306371,0.102585010685,0.102769797319,0.102964737065,0.102879450926,0.102652021223,0.102197161815,0.102117967544,0.102103753187,0.101626556934,0.101518933949,0.101701689961,0.101630618179,0.101520964572,0.10136460665,0.101508780837,0.101929119665,0.102030650782,0.102402254673,0.10272715425,0.102641868111,0.102544398238,0.102806348521,0.102672327446,0.102956614576,0.103153584944,0.103129217476,0.103192166769,0.103145462455,0.103198258636,0.103748557294,0.103917098949,0.103996293221,0.104339468399,0.104436938271,0.104432877027,0.104635939262,0.1047029498,0.104680612954,0.104903981413,0.104715133534,0.104603449304,0.104558775613,0.104483642586,0.104485673208,0.104688735443,0.104268396616,0.104325254042,0.104463336362,0.104209508568,0.104105946828,0.104357744,0.104404448314,0.10438414209,0.104491765075,0.104528316277,0.104820725896,0.105232942234,0.105062369956,0.105316197751,0.10550504563,0.105409606379,0.105775118403,0.106108140469,0.106055344287,0.106282773991,0.106388366353,0.106085803623,0.106327447683,0.106270590257,0.106445223779,0.106640163525,0.10619545723,0.106114232336,0.106258406523,